<?xml version="2.0" ?>
<Type>saved</Type>
<ActorObjects>
    <Group t0="92.8981" t1="59.3987" t2="111.608" s0="6.59559" s1="2.19807" s2="5.22975" q0="0" q1="0" q2="0" q3="1" euler_x="0" euler_y="0" euler_z="0" id="15407" version="1">
        <parameters />
        <ActorObject name="Block Heavy 1" t0="94.8782" t1="59.1718" t2="112.711" s0="0.666667" s1="0.666667" s2="0.666667" q0="0" q1="0" q2="0" q3="1" euler_x="0" euler_y="0" euler_z="0" id="14585" type_file="Data/Objects/therium/IGF_Characters/heavy2.xml" is_player="0">
            <parameters>
                <parameter name="Aggression" type="string" val="0.5" />
                <parameter name="Attack Damage" type="string" val="1.2000000000000002" />
                <parameter name="Attack Knockback" type="string" val="1.2000000000000002" />
                <parameter name="Attack Speed" type="float" val="0.95" />
                <parameter name="Block Follow-up" type="string" val="0.5" />
                <parameter name="Block Skill" type="float" val="0.55" />
                <parameter name="Cannot Be Disarmed" type="int" val="1" />
                <parameter name="Cannot Throw Weapons" type="int" val="0" />
                <parameter name="Character Scale" type="string" val="1.12" />
                <parameter name="Damage Resistance" type="string" val="1.3" />
                <parameter name="Ear Size" type="string" val="1" />
                <parameter name="Fall Damage Multiplier" type="float" val="1" />
                <parameter name="Fat" type="string" val="0.5" />
                <parameter name="Fear - Afraid At Health Level" type="float" val="0" />
                <parameter name="Fear - Always Afraid On Sight" type="int" val="0" />
                <parameter name="Fear - Causes Fear On Sight" type="int" val="0" />
                <parameter name="Fear - Never Afraid On Sight" type="int" val="0" />
                <parameter name="Focus FOV distance" type="float" val="37.017" />
                <parameter name="Focus FOV horizontal" type="float" val="0.62834" />
                <parameter name="Focus FOV vertical" type="float" val="0.41888" />
                <parameter name="Ground Aggression" type="string" val="0.5" />
                <parameter name="Idle Sway" type="float" val="1" />
                <parameter name="Jump - Air Control" type="float" val="3" />
                <parameter name="Jump - Initial Velocity" type="float" val="5" />
                <parameter name="Jump - Jump Sustain" type="float" val="5" />
                <parameter name="Jump - Jump Sustain Boost" type="float" val="10" />
                <parameter name="Knockout Shield" type="int" val="3" />
                <parameter name="Left handed" type="string" val="0" />
                <parameter name="Lives" type="string" val="1" />
                <parameter name="Lore" type="string" val="Willis" />
                <parameter name="Movement Speed" type="float" val="1" />
                <parameter name="Muscle" type="string" val="0.6000000000000001" />
                <parameter name="No Look Around" type="int" val="0" />
                <parameter name="Peripheral FOV distance" type="float" val="4" />
                <parameter name="Peripheral FOV horizontal" type="float" val="1.41376" />
                <parameter name="Peripheral FOV vertical" type="float" val="1.41376" />
                <parameter name="Species" type="string" val="rabbit" />
                <parameter name="Static" type="int" val="0" />
                <parameter name="Stick To Nav Mesh" type="int" val="0" />
                <parameter name="Teams" type="string" val="guard, block" />
                <parameter name="Throw Counter Probability" type="float" val="0.4" />
                <parameter name="Throw Trainer" type="int" val="0" />
                <parameter name="Weapon Catch Skill" type="float" val="1" />
                <parameter name="Wearing Metal Armor" type="int" val="1" />
            </parameters>
            <Connections>
                <Connection id="10664" />
            </Connections>
            <ItemConnections>
                <ItemConnection id="8862" type="0" mirrored="0" attachment="" />
            </ItemConnections>
            <Palette>
                <Color label="Fur" channel="1" red="0.94902" green="0.776471" blue="0.776471" />
            </Palette>
            <EnvObjectAttachments>
                <EnvObjectAttachment>
                    <BoneConnect bone_id="8" num_connections="1" m0="0.992683" m1="0.0885316" m2="-0.0821117" m3="0" m4="-0.0884124" m5="0.996071" m6="0.00509082" m7="0" m8="0.0822398" m9="0.00220612" m10="0.99661" m11="0" m12="0.477864" m13="0.178791" m14="-0.042398" m15="1" />
                    <BoneConnect bone_id="9" num_connections="1" m0="0.994642" m1="0.0995123" m2="-0.0279994" m3="0" m4="-0.0969801" m5="0.992016" m6="0.0806188" m7="0" m8="0.0357984" m9="-0.0774715" m10="0.996352" m11="0" m12="0.468111" m13="0.185038" m14="-0.040561" m15="1" />
                    <BoneConnect bone_id="-1" num_connections="0" m0="1" m1="0" m2="0" m3="0" m4="0" m5="1" m6="0" m7="0" m8="0" m9="0" m10="1" m11="0" m12="0" m13="0" m14="0" m15="1" />
                    <BoneConnect bone_id="-1" num_connections="0" m0="1" m1="0" m2="0" m3="0" m4="0" m5="1" m6="0" m7="0" m8="0" m9="0" m10="1" m11="0" m12="0" m13="0" m14="0" m15="1" />
                </EnvObjectAttachment>
                <EnvObjectAttachment>
                    <BoneConnect bone_id="31" num_connections="1" m0="0.994659" m1="0.0105678" m2="0.102674" m3="0" m4="0.0129891" m5="0.974021" m6="-0.226085" m7="0" m8="-0.102396" m9="0.226211" m10="0.968681" m11="0" m12="-0.0171747" m13="0.531875" m14="0.158254" m15="1" />
                    <BoneConnect bone_id="-1" num_connections="0" m0="1" m1="0" m2="0" m3="0" m4="0" m5="1" m6="0" m7="0" m8="0" m9="0" m10="1" m11="0" m12="0" m13="0" m14="0" m15="1" />
                    <BoneConnect bone_id="-1" num_connections="0" m0="1" m1="0" m2="0" m3="0" m4="0" m5="1" m6="0" m7="0" m8="0" m9="0" m10="1" m11="0" m12="0" m13="0" m14="0" m15="1" />
                    <BoneConnect bone_id="-1" num_connections="0" m0="1" m1="0" m2="0" m3="0" m4="0" m5="1" m6="0" m7="0" m8="0" m9="0" m10="1" m11="0" m12="0" m13="0" m14="0" m15="1" />
                </EnvObjectAttachment>
                <EnvObjectAttachment>
                    <BoneConnect bone_id="31" num_connections="1" m0="-0.999741" m1="0.0168711" m2="0.0152465" m3="0" m4="0.0121648" m5="0.963273" m6="-0.268248" m7="0" m8="-0.0192122" m9="-0.267993" m10="-0.963229" m11="0" m12="-9.63211e-05" m13="0.545089" m14="-0.012471" m15="1" />
                    <BoneConnect bone_id="-1" num_connections="0" m0="1" m1="0" m2="0" m3="0" m4="0" m5="1" m6="0" m7="0" m8="0" m9="0" m10="1" m11="0" m12="0" m13="0" m14="0" m15="1" />
                    <BoneConnect bone_id="-1" num_connections="0" m0="1" m1="0" m2="0" m3="0" m4="0" m5="1" m6="0" m7="0" m8="0" m9="0" m10="1" m11="0" m12="0" m13="0" m14="0" m15="1" />
                    <BoneConnect bone_id="-1" num_connections="0" m0="1" m1="0" m2="0" m3="0" m4="0" m5="1" m6="0" m7="0" m8="0" m9="0" m10="1" m11="0" m12="0" m13="0" m14="0" m15="1" />
                </EnvObjectAttachment>
                <EnvObjectAttachment>
                    <BoneConnect bone_id="17" num_connections="1" m0="0.174599" m1="0.984625" m2="-0.00540553" m3="0" m4="-0.973496" m5="0.171797" m6="-0.150969" m7="0" m8="-0.147719" m9="0.0316214" m10="0.988524" m11="0" m12="-0.173287" m13="0.382465" m14="-0.0386772" m15="1" />
                    <BoneConnect bone_id="-1" num_connections="0" m0="1" m1="0" m2="0" m3="0" m4="0" m5="1" m6="0" m7="0" m8="0" m9="0" m10="1" m11="0" m12="0" m13="0" m14="0" m15="1" />
                    <BoneConnect bone_id="-1" num_connections="0" m0="1" m1="0" m2="0" m3="0" m4="0" m5="1" m6="0" m7="0" m8="0" m9="0" m10="1" m11="0" m12="0" m13="0" m14="0" m15="1" />
                    <BoneConnect bone_id="-1" num_connections="0" m0="1" m1="0" m2="0" m3="0" m4="0" m5="1" m6="0" m7="0" m8="0" m9="0" m10="1" m11="0" m12="0" m13="0" m14="0" m15="1" />
                </EnvObjectAttachment>
                <EnvObjectAttachment>
                    <BoneConnect bone_id="4" num_connections="1" m0="0.988239" m1="0.0394262" m2="0.147745" m3="0" m4="-0.0387359" m5="0.999221" m6="-0.00754833" m7="0" m8="-0.147927" m9="0.00173653" m10="0.988997" m11="0" m12="0.16363" m13="0.391085" m14="-0.0226479" m15="1" />
                    <BoneConnect bone_id="-1" num_connections="0" m0="1" m1="0" m2="0" m3="0" m4="0" m5="1" m6="0" m7="0" m8="0" m9="0" m10="1" m11="0" m12="0" m13="0" m14="0" m15="1" />
                    <BoneConnect bone_id="-1" num_connections="0" m0="1" m1="0" m2="0" m3="0" m4="0" m5="1" m6="0" m7="0" m8="0" m9="0" m10="1" m11="0" m12="0" m13="0" m14="0" m15="1" />
                    <BoneConnect bone_id="-1" num_connections="0" m0="1" m1="0" m2="0" m3="0" m4="0" m5="1" m6="0" m7="0" m8="0" m9="0" m10="1" m11="0" m12="0" m13="0" m14="0" m15="1" />
                </EnvObjectAttachment>
                <EnvObjectAttachment>
                    <BoneConnect bone_id="2" num_connections="1" m0="0.988863" m1="0.00321531" m2="0.148795" m3="0" m4="0.148828" m5="-0.0162287" m6="-0.98873" m7="0" m8="-0.000764326" m9="0.999863" m10="-0.0165264" m11="0" m12="0.00459194" m13="0.147111" m14="-0.0464821" m15="1" />
                    <BoneConnect bone_id="1" num_connections="1" m0="0.997239" m1="0.00263418" m2="0.0742067" m3="0" m4="0.0742355" m5="-0.0133684" m6="-0.997151" m7="0" m8="-0.00163465" m9="0.999907" m10="-0.013527" m11="0" m12="0.0016737" m13="0.170681" m14="-0.0475616" m15="1" />
                    <BoneConnect bone_id="-1" num_connections="0" m0="1" m1="0" m2="0" m3="0" m4="0" m5="1" m6="0" m7="0" m8="0" m9="0" m10="1" m11="0" m12="0" m13="0" m14="0" m15="1" />
                    <BoneConnect bone_id="-1" num_connections="0" m0="1" m1="0" m2="0" m3="0" m4="0" m5="1" m6="0" m7="0" m8="0" m9="0" m10="1" m11="0" m12="0" m13="0" m14="0" m15="1" />
                </EnvObjectAttachment>
                <EnvObjectAttachment>
                    <BoneConnect bone_id="21" num_connections="1" m0="0.524977" m1="0.830048" m2="-0.188201" m3="0" m4="-0.820881" m5="0.552208" m6="0.145675" m7="0" m8="0.224843" m9="0.0780146" m10="0.971267" m11="0" m12="-0.476912" m13="0.193991" m14="-0.00105286" m15="1" />
                    <BoneConnect bone_id="22" num_connections="1" m0="0.522497" m1="0.840166" m2="-0.145318" m3="0" m4="-0.808535" m5="0.542326" m6="0.228374" m7="0" m8="0.270682" m9="-0.00183022" m10="0.962667" m11="0" m12="-0.465107" m13="0.196769" m14="0.00174713" m15="1" />
                    <BoneConnect bone_id="-1" num_connections="0" m0="1" m1="0" m2="0" m3="0" m4="0" m5="1" m6="0" m7="0" m8="0" m9="0" m10="1" m11="0" m12="0" m13="0" m14="0" m15="1" />
                    <BoneConnect bone_id="-1" num_connections="0" m0="1" m1="0" m2="0" m3="0" m4="0" m5="1" m6="0" m7="0" m8="0" m9="0" m10="1" m11="0" m12="0" m13="0" m14="0" m15="1" />
                </EnvObjectAttachment>
                <EnvObjectAttachment>
                    <BoneConnect bone_id="20" num_connections="1" m0="0.633664" m1="0.759257" m2="-0.148282" m3="0" m4="-0.756339" m5="0.567771" m6="-0.324926" m7="0" m8="-0.162514" m9="0.318048" m10="0.934042" m11="0" m12="-0.338108" m13="0.282831" m14="-0.0254936" m15="1" />
                    <BoneConnect bone_id="-1" num_connections="0" m0="1" m1="0" m2="0" m3="0" m4="0" m5="1" m6="0" m7="0" m8="0" m9="0" m10="1" m11="0" m12="0" m13="0" m14="0" m15="1" />
                    <BoneConnect bone_id="-1" num_connections="0" m0="1" m1="0" m2="0" m3="0" m4="0" m5="1" m6="0" m7="0" m8="0" m9="0" m10="1" m11="0" m12="0" m13="0" m14="0" m15="1" />
                    <BoneConnect bone_id="-1" num_connections="0" m0="1" m1="0" m2="0" m3="0" m4="0" m5="1" m6="0" m7="0" m8="0" m9="0" m10="1" m11="0" m12="0" m13="0" m14="0" m15="1" />
                </EnvObjectAttachment>
                <EnvObjectAttachment>
                    <BoneConnect bone_id="7" num_connections="1" m0="-0.705413" m1="0.655901" m2="0.268692" m3="0" m4="0.605444" m5="0.360448" m6="0.709596" m7="0" m8="0.368576" m9="0.663229" m10="-0.651378" m11="0" m12="0.319079" m13="0.300425" m14="0.00167084" m15="1" />
                    <BoneConnect bone_id="-1" num_connections="0" m0="1" m1="0" m2="0" m3="0" m4="0" m5="1" m6="0" m7="0" m8="0" m9="0" m10="1" m11="0" m12="0" m13="0" m14="0" m15="1" />
                    <BoneConnect bone_id="-1" num_connections="0" m0="1" m1="0" m2="0" m3="0" m4="0" m5="1" m6="0" m7="0" m8="0" m9="0" m10="1" m11="0" m12="0" m13="0" m14="0" m15="1" />
                    <BoneConnect bone_id="-1" num_connections="0" m0="1" m1="0" m2="0" m3="0" m4="0" m5="1" m6="0" m7="0" m8="0" m9="0" m10="1" m11="0" m12="0" m13="0" m14="0" m15="1" />
                </EnvObjectAttachment>
                <EnvObjectAttachment>
                    <BoneConnect bone_id="47" num_connections="1" m0="0.0869137" m1="-0.636547" m2="0.766325" m3="0" m4="0.0661185" m5="0.771226" m6="0.633119" m7="0" m8="-0.994019" m9="-0.00435842" m10="0.109118" m11="0" m12="-0.0865965" m13="-0.294477" m14="0.0922546" m15="1" />
                    <BoneConnect bone_id="46" num_connections="1" m0="-0.00652869" m1="-0.627044" m2="0.778956" m3="0" m4="-0.0521252" m5="0.778128" m6="0.62594" m7="0" m8="-0.998619" m9="-0.0365167" m10="-0.0377649" m11="0" m12="-0.0972579" m13="-0.307133" m14="0.0966644" m15="1" />
                    <BoneConnect bone_id="-1" num_connections="0" m0="1" m1="0" m2="0" m3="0" m4="0" m5="1" m6="0" m7="0" m8="0" m9="0" m10="1" m11="0" m12="0" m13="0" m14="0" m15="1" />
                    <BoneConnect bone_id="-1" num_connections="0" m0="1" m1="0" m2="0" m3="0" m4="0" m5="1" m6="0" m7="0" m8="0" m9="0" m10="1" m11="0" m12="0" m13="0" m14="0" m15="1" />
                </EnvObjectAttachment>
                <EnvObjectAttachment>
                    <BoneConnect bone_id="40" num_connections="1" m0="0.17154" m1="-0.583619" m2="0.793702" m3="0" m4="0.0260875" m5="0.808052" m6="0.588533" m7="0" m8="-0.984832" m9="-0.0802509" m10="0.153838" m11="0" m12="0.109909" m13="-0.286672" m14="0.0954132" m15="1" />
                    <BoneConnect bone_id="39" num_connections="1" m0="0.215759" m1="-0.583133" m2="0.783202" m3="0" m4="0.0772928" m5="0.809776" m6="0.581626" m7="0" m8="-0.973383" m9="-0.064955" m10="0.219788" m11="0" m12="0.115436" m13="-0.300282" m14="0.0974655" m15="1" />
                    <BoneConnect bone_id="-1" num_connections="0" m0="1" m1="0" m2="0" m3="0" m4="0" m5="1" m6="0" m7="0" m8="0" m9="0" m10="1" m11="0" m12="0" m13="0" m14="0" m15="1" />
                    <BoneConnect bone_id="-1" num_connections="0" m0="1" m1="0" m2="0" m3="0" m4="0" m5="1" m6="0" m7="0" m8="0" m9="0" m10="1" m11="0" m12="0" m13="0" m14="0" m15="1" />
                </EnvObjectAttachment>
            </EnvObjectAttachments>
            <EnvObject s0="1.35441" s1="1.35441" s2="1.35441" id="14568" color_r="1" color_g="1" color_b="1" overbright="0" type_file="Data/Objects/therium/Gear/dog_armour_grey/dog_armor_lower_arm.xml">
                <parameters />
            </EnvObject>
            <EnvObject s0="1.09475" s1="1.09475" s2="1.09475" id="14573" color_r="1" color_g="1" color_b="1" overbright="0" type_file="Data/Objects/therium/Gear/dog_armour_grey/dog_armor_helmet.xml">
                <parameters />
            </EnvObject>
            <EnvObject s0="1" s1="1" s2="1" id="14574" color_r="1" color_g="1" color_b="1" overbright="0" type_file="Data/Objects/therium/Gear/dog_armour_grey/dog_armor_head_straps.xml">
                <parameters />
            </EnvObject>
            <EnvObject s0="1.41525" s1="1.41525" s2="1.41525" id="14575" color_r="1" color_g="1" color_b="1" overbright="0" type_file="Data/Objects/therium/Gear/dog_armour_grey/dog_armor_shoulder_b.xml">
                <parameters />
            </EnvObject>
            <EnvObject s0="1.41525" s1="1.41525" s2="1.41525" id="14576" color_r="1" color_g="1" color_b="1" overbright="0" type_file="Data/Objects/therium/Gear/dog_armour_grey/dog_armor_shoulder_b.xml">
                <parameters />
            </EnvObject>
            <EnvObject s0="0.377928" s1="0.40764" s2="0.387258" id="14577" color_r="1" color_g="1" color_b="1" overbright="0" type_file="Data/Objects/standard-buckler.xml">
                <parameters />
            </EnvObject>
            <EnvObject s0="1.06226" s1="0.655558" s2="0.655556" id="14578" color_r="1" color_g="1" color_b="1" overbright="0" type_file="Data/Objects/therium/Gear/dog_armour_grey/dog_armor_shoulder_a.xml">
                <parameters />
            </EnvObject>
            <EnvObject s0="1.26528" s1="0.780845" s2="0.780842" id="14579" color_r="1" color_g="1" color_b="1" overbright="0" type_file="Data/Objects/therium/Gear/dog_armour_grey/dog_armor_shoulder_a.xml">
                <parameters />
            </EnvObject>
            <EnvObject s0="1.26528" s1="0.780845" s2="0.780842" id="14580" color_r="1" color_g="1" color_b="1" overbright="0" type_file="Data/Objects/therium/Gear/dog_armour_grey/dog_armor_shoulder_a.xml">
                <parameters />
            </EnvObject>
            <EnvObject s0="1.67193" s1="1.67193" s2="1.67193" id="14582" color_r="1" color_g="1" color_b="1" overbright="0" type_file="Data/Objects/therium/Gear/dog_armour_grey/dog_armor_lower_arm.xml">
                <parameters />
            </EnvObject>
            <EnvObject s0="1.67193" s1="1.67193" s2="1.67193" id="14583" color_r="1" color_g="1" color_b="1" overbright="0" type_file="Data/Objects/therium/Gear/dog_armour_grey/dog_armor_lower_arm.xml">
                <parameters />
            </EnvObject>
        </ActorObject>
        <ActorObject name="Waterfront Heavy 2" t0="90.3878" t1="58.9714" t2="112.28" s0="0.666667" s1="0.666667" s2="0.666667" q0="0" q1="-0.772174" q2="0" q3="-0.635411" euler_x="-3.14159" euler_y="1.37708" euler_z="-3.14159" id="14609" type_file="Data/Objects/therium/IGF_Characters/heavy2.xml" is_player="0">
            <parameters>
                <parameter name="Aggression" type="string" val="0.5" />
                <parameter name="Attack Damage" type="string" val="1.2000000000000002" />
                <parameter name="Attack Knockback" type="string" val="1.2000000000000002" />
                <parameter name="Attack Speed" type="float" val="0.95" />
                <parameter name="Block Follow-up" type="string" val="0.5" />
                <parameter name="Block Skill" type="float" val="0.55" />
                <parameter name="Cannot Be Disarmed" type="int" val="1" />
                <parameter name="Cannot Throw Weapons" type="int" val="0" />
                <parameter name="Character Scale" type="string" val="1.12" />
                <parameter name="Damage Resistance" type="string" val="1.3" />
                <parameter name="Ear Size" type="string" val="1" />
                <parameter name="Fall Damage Multiplier" type="float" val="1" />
                <parameter name="Fat" type="string" val="0.5" />
                <parameter name="Fear - Afraid At Health Level" type="float" val="0" />
                <parameter name="Fear - Always Afraid On Sight" type="int" val="0" />
                <parameter name="Fear - Causes Fear On Sight" type="int" val="0" />
                <parameter name="Fear - Never Afraid On Sight" type="int" val="0" />
                <parameter name="Focus FOV distance" type="float" val="38" />
                <parameter name="Focus FOV horizontal" type="float" val="0.62834" />
                <parameter name="Focus FOV vertical" type="float" val="0.423906" />
                <parameter name="Ground Aggression" type="string" val="0.5" />
                <parameter name="Idle Sway" type="float" val="1" />
                <parameter name="Jump - Air Control" type="float" val="3" />
                <parameter name="Jump - Initial Velocity" type="float" val="5" />
                <parameter name="Jump - Jump Sustain" type="float" val="5" />
                <parameter name="Jump - Jump Sustain Boost" type="float" val="10" />
                <parameter name="Knockout Shield" type="int" val="3" />
                <parameter name="Left handed" type="string" val="0" />
                <parameter name="Lives" type="string" val="1" />
                <parameter name="Lore" type="string" val="Frieden" />
                <parameter name="Movement Speed" type="float" val="0.93" />
                <parameter name="Muscle" type="string" val="0.6000000000000001" />
                <parameter name="No Look Around" type="int" val="0" />
                <parameter name="Peripheral FOV distance" type="float" val="4" />
                <parameter name="Peripheral FOV horizontal" type="float" val="1.41376" />
                <parameter name="Peripheral FOV vertical" type="float" val="1.41376" />
                <parameter name="Species" type="string" val="rabbit" />
                <parameter name="Static" type="int" val="1" />
                <parameter name="Stick To Nav Mesh" type="int" val="0" />
                <parameter name="Teams" type="string" val="guard, waterfront" />
                <parameter name="Throw Counter Probability" type="float" val="0.4" />
                <parameter name="Throw Trainer" type="int" val="0" />
                <parameter name="Weapon Catch Skill" type="float" val="1" />
                <parameter name="Wearing Metal Armor" type="int" val="1" />
            </parameters>
            <Connections>
                <Connection id="10572" />
            </Connections>
            <ItemConnections>
                <ItemConnection id="10532" type="0" mirrored="0" attachment="" />
            </ItemConnections>
            <Palette>
                <Color label="Fur" channel="1" red="0.94902" green="0.776471" blue="0.776471" />
            </Palette>
            <EnvObjectAttachments>
                <EnvObjectAttachment>
                    <BoneConnect bone_id="8" num_connections="1" m0="0.992683" m1="0.0885316" m2="-0.0821117" m3="0" m4="-0.0884124" m5="0.996071" m6="0.00509082" m7="0" m8="0.0822398" m9="0.00220612" m10="0.99661" m11="0" m12="0.477864" m13="0.178791" m14="-0.042398" m15="1" />
                    <BoneConnect bone_id="9" num_connections="1" m0="0.994642" m1="0.0995123" m2="-0.0279994" m3="0" m4="-0.0969801" m5="0.992016" m6="0.0806188" m7="0" m8="0.0357984" m9="-0.0774715" m10="0.996352" m11="0" m12="0.468111" m13="0.185038" m14="-0.040561" m15="1" />
                    <BoneConnect bone_id="-1" num_connections="0" m0="1" m1="0" m2="0" m3="0" m4="0" m5="1" m6="0" m7="0" m8="0" m9="0" m10="1" m11="0" m12="0" m13="0" m14="0" m15="1" />
                    <BoneConnect bone_id="-1" num_connections="0" m0="1" m1="0" m2="0" m3="0" m4="0" m5="1" m6="0" m7="0" m8="0" m9="0" m10="1" m11="0" m12="0" m13="0" m14="0" m15="1" />
                </EnvObjectAttachment>
                <EnvObjectAttachment>
                    <BoneConnect bone_id="31" num_connections="1" m0="0.994659" m1="0.0105678" m2="0.102674" m3="0" m4="0.0129891" m5="0.974021" m6="-0.226085" m7="0" m8="-0.102396" m9="0.226211" m10="0.968681" m11="0" m12="-0.0171747" m13="0.531875" m14="0.158254" m15="1" />
                    <BoneConnect bone_id="-1" num_connections="0" m0="1" m1="0" m2="0" m3="0" m4="0" m5="1" m6="0" m7="0" m8="0" m9="0" m10="1" m11="0" m12="0" m13="0" m14="0" m15="1" />
                    <BoneConnect bone_id="-1" num_connections="0" m0="1" m1="0" m2="0" m3="0" m4="0" m5="1" m6="0" m7="0" m8="0" m9="0" m10="1" m11="0" m12="0" m13="0" m14="0" m15="1" />
                    <BoneConnect bone_id="-1" num_connections="0" m0="1" m1="0" m2="0" m3="0" m4="0" m5="1" m6="0" m7="0" m8="0" m9="0" m10="1" m11="0" m12="0" m13="0" m14="0" m15="1" />
                </EnvObjectAttachment>
                <EnvObjectAttachment>
                    <BoneConnect bone_id="31" num_connections="1" m0="-0.999741" m1="0.0168711" m2="0.0152465" m3="0" m4="0.0121648" m5="0.963273" m6="-0.268248" m7="0" m8="-0.0192122" m9="-0.267993" m10="-0.963229" m11="0" m12="-9.63211e-05" m13="0.545089" m14="-0.012471" m15="1" />
                    <BoneConnect bone_id="-1" num_connections="0" m0="1" m1="0" m2="0" m3="0" m4="0" m5="1" m6="0" m7="0" m8="0" m9="0" m10="1" m11="0" m12="0" m13="0" m14="0" m15="1" />
                    <BoneConnect bone_id="-1" num_connections="0" m0="1" m1="0" m2="0" m3="0" m4="0" m5="1" m6="0" m7="0" m8="0" m9="0" m10="1" m11="0" m12="0" m13="0" m14="0" m15="1" />
                    <BoneConnect bone_id="-1" num_connections="0" m0="1" m1="0" m2="0" m3="0" m4="0" m5="1" m6="0" m7="0" m8="0" m9="0" m10="1" m11="0" m12="0" m13="0" m14="0" m15="1" />
                </EnvObjectAttachment>
                <EnvObjectAttachment>
                    <BoneConnect bone_id="17" num_connections="1" m0="0.174599" m1="0.984625" m2="-0.00540553" m3="0" m4="-0.973496" m5="0.171797" m6="-0.150969" m7="0" m8="-0.147719" m9="0.0316214" m10="0.988524" m11="0" m12="-0.173287" m13="0.382465" m14="-0.0386772" m15="1" />
                    <BoneConnect bone_id="-1" num_connections="0" m0="1" m1="0" m2="0" m3="0" m4="0" m5="1" m6="0" m7="0" m8="0" m9="0" m10="1" m11="0" m12="0" m13="0" m14="0" m15="1" />
                    <BoneConnect bone_id="-1" num_connections="0" m0="1" m1="0" m2="0" m3="0" m4="0" m5="1" m6="0" m7="0" m8="0" m9="0" m10="1" m11="0" m12="0" m13="0" m14="0" m15="1" />
                    <BoneConnect bone_id="-1" num_connections="0" m0="1" m1="0" m2="0" m3="0" m4="0" m5="1" m6="0" m7="0" m8="0" m9="0" m10="1" m11="0" m12="0" m13="0" m14="0" m15="1" />
                </EnvObjectAttachment>
                <EnvObjectAttachment>
                    <BoneConnect bone_id="4" num_connections="1" m0="0.988239" m1="0.0394262" m2="0.147745" m3="0" m4="-0.0387359" m5="0.999221" m6="-0.00754833" m7="0" m8="-0.147927" m9="0.00173653" m10="0.988997" m11="0" m12="0.16363" m13="0.391085" m14="-0.0226479" m15="1" />
                    <BoneConnect bone_id="-1" num_connections="0" m0="1" m1="0" m2="0" m3="0" m4="0" m5="1" m6="0" m7="0" m8="0" m9="0" m10="1" m11="0" m12="0" m13="0" m14="0" m15="1" />
                    <BoneConnect bone_id="-1" num_connections="0" m0="1" m1="0" m2="0" m3="0" m4="0" m5="1" m6="0" m7="0" m8="0" m9="0" m10="1" m11="0" m12="0" m13="0" m14="0" m15="1" />
                    <BoneConnect bone_id="-1" num_connections="0" m0="1" m1="0" m2="0" m3="0" m4="0" m5="1" m6="0" m7="0" m8="0" m9="0" m10="1" m11="0" m12="0" m13="0" m14="0" m15="1" />
                </EnvObjectAttachment>
                <EnvObjectAttachment>
                    <BoneConnect bone_id="2" num_connections="1" m0="0.984396" m1="0.00357872" m2="0.175934" m3="0" m4="0.175966" m5="-0.0130533" m6="-0.98431" m7="0" m8="-0.00122611" m9="0.999908" m10="-0.0134793" m11="0" m12="0.00738525" m13="0.148666" m14="-0.0390015" m15="1" />
                    <BoneConnect bone_id="1" num_connections="1" m0="0.999048" m1="0.000852564" m2="0.0436088" m3="0" m4="0.0436155" m5="-0.0109279" m6="-0.998989" m7="0" m8="-0.000375194" m9="0.99994" m10="-0.0109546" m11="0" m12="0.00294495" m13="0.171864" m14="-0.0413971" m15="1" />
                    <BoneConnect bone_id="-1" num_connections="0" m0="1" m1="0" m2="0" m3="0" m4="0" m5="1" m6="0" m7="0" m8="0" m9="0" m10="1" m11="0" m12="0" m13="0" m14="0" m15="1" />
                    <BoneConnect bone_id="-1" num_connections="0" m0="1" m1="0" m2="0" m3="0" m4="0" m5="1" m6="0" m7="0" m8="0" m9="0" m10="1" m11="0" m12="0" m13="0" m14="0" m15="1" />
                </EnvObjectAttachment>
                <EnvObjectAttachment>
                    <BoneConnect bone_id="21" num_connections="1" m0="0.524977" m1="0.830048" m2="-0.188201" m3="0" m4="-0.820881" m5="0.552208" m6="0.145675" m7="0" m8="0.224843" m9="0.0780146" m10="0.971267" m11="0" m12="-0.476912" m13="0.193991" m14="-0.00105286" m15="1" />
                    <BoneConnect bone_id="22" num_connections="1" m0="0.522497" m1="0.840166" m2="-0.145318" m3="0" m4="-0.808535" m5="0.542326" m6="0.228374" m7="0" m8="0.270682" m9="-0.00183022" m10="0.962667" m11="0" m12="-0.465107" m13="0.196769" m14="0.00174713" m15="1" />
                    <BoneConnect bone_id="-1" num_connections="0" m0="1" m1="0" m2="0" m3="0" m4="0" m5="1" m6="0" m7="0" m8="0" m9="0" m10="1" m11="0" m12="0" m13="0" m14="0" m15="1" />
                    <BoneConnect bone_id="-1" num_connections="0" m0="1" m1="0" m2="0" m3="0" m4="0" m5="1" m6="0" m7="0" m8="0" m9="0" m10="1" m11="0" m12="0" m13="0" m14="0" m15="1" />
                </EnvObjectAttachment>
                <EnvObjectAttachment>
                    <BoneConnect bone_id="20" num_connections="1" m0="0.633664" m1="0.759257" m2="-0.148282" m3="0" m4="-0.756339" m5="0.567771" m6="-0.324926" m7="0" m8="-0.162514" m9="0.318048" m10="0.934042" m11="0" m12="-0.338108" m13="0.282831" m14="-0.0254936" m15="1" />
                    <BoneConnect bone_id="-1" num_connections="0" m0="1" m1="0" m2="0" m3="0" m4="0" m5="1" m6="0" m7="0" m8="0" m9="0" m10="1" m11="0" m12="0" m13="0" m14="0" m15="1" />
                    <BoneConnect bone_id="-1" num_connections="0" m0="1" m1="0" m2="0" m3="0" m4="0" m5="1" m6="0" m7="0" m8="0" m9="0" m10="1" m11="0" m12="0" m13="0" m14="0" m15="1" />
                    <BoneConnect bone_id="-1" num_connections="0" m0="1" m1="0" m2="0" m3="0" m4="0" m5="1" m6="0" m7="0" m8="0" m9="0" m10="1" m11="0" m12="0" m13="0" m14="0" m15="1" />
                </EnvObjectAttachment>
                <EnvObjectAttachment>
                    <BoneConnect bone_id="7" num_connections="1" m0="-0.705413" m1="0.655901" m2="0.268692" m3="0" m4="0.605444" m5="0.360448" m6="0.709596" m7="0" m8="0.368576" m9="0.663229" m10="-0.651378" m11="0" m12="0.319079" m13="0.300425" m14="0.00167084" m15="1" />
                    <BoneConnect bone_id="-1" num_connections="0" m0="1" m1="0" m2="0" m3="0" m4="0" m5="1" m6="0" m7="0" m8="0" m9="0" m10="1" m11="0" m12="0" m13="0" m14="0" m15="1" />
                    <BoneConnect bone_id="-1" num_connections="0" m0="1" m1="0" m2="0" m3="0" m4="0" m5="1" m6="0" m7="0" m8="0" m9="0" m10="1" m11="0" m12="0" m13="0" m14="0" m15="1" />
                    <BoneConnect bone_id="-1" num_connections="0" m0="1" m1="0" m2="0" m3="0" m4="0" m5="1" m6="0" m7="0" m8="0" m9="0" m10="1" m11="0" m12="0" m13="0" m14="0" m15="1" />
                </EnvObjectAttachment>
                <EnvObjectAttachment>
                    <BoneConnect bone_id="47" num_connections="1" m0="0.0869137" m1="-0.636547" m2="0.766325" m3="0" m4="0.0661185" m5="0.771226" m6="0.633119" m7="0" m8="-0.994019" m9="-0.00435842" m10="0.109118" m11="0" m12="-0.0865965" m13="-0.294477" m14="0.0922546" m15="1" />
                    <BoneConnect bone_id="46" num_connections="1" m0="-0.00652869" m1="-0.627044" m2="0.778956" m3="0" m4="-0.0521252" m5="0.778128" m6="0.62594" m7="0" m8="-0.998619" m9="-0.0365167" m10="-0.0377649" m11="0" m12="-0.0972579" m13="-0.307133" m14="0.0966644" m15="1" />
                    <BoneConnect bone_id="-1" num_connections="0" m0="1" m1="0" m2="0" m3="0" m4="0" m5="1" m6="0" m7="0" m8="0" m9="0" m10="1" m11="0" m12="0" m13="0" m14="0" m15="1" />
                    <BoneConnect bone_id="-1" num_connections="0" m0="1" m1="0" m2="0" m3="0" m4="0" m5="1" m6="0" m7="0" m8="0" m9="0" m10="1" m11="0" m12="0" m13="0" m14="0" m15="1" />
                </EnvObjectAttachment>
                <EnvObjectAttachment>
                    <BoneConnect bone_id="40" num_connections="1" m0="0.17154" m1="-0.583619" m2="0.793702" m3="0" m4="0.0260875" m5="0.808052" m6="0.588533" m7="0" m8="-0.984832" m9="-0.0802509" m10="0.153838" m11="0" m12="0.109909" m13="-0.286672" m14="0.0954132" m15="1" />
                    <BoneConnect bone_id="39" num_connections="1" m0="0.215759" m1="-0.583133" m2="0.783202" m3="0" m4="0.0772928" m5="0.809776" m6="0.581626" m7="0" m8="-0.973383" m9="-0.064955" m10="0.219788" m11="0" m12="0.115436" m13="-0.300282" m14="0.0974655" m15="1" />
                    <BoneConnect bone_id="-1" num_connections="0" m0="1" m1="0" m2="0" m3="0" m4="0" m5="1" m6="0" m7="0" m8="0" m9="0" m10="1" m11="0" m12="0" m13="0" m14="0" m15="1" />
                    <BoneConnect bone_id="-1" num_connections="0" m0="1" m1="0" m2="0" m3="0" m4="0" m5="1" m6="0" m7="0" m8="0" m9="0" m10="1" m11="0" m12="0" m13="0" m14="0" m15="1" />
                </EnvObjectAttachment>
            </EnvObjectAttachments>
            <EnvObject s0="1.35441" s1="1.35441" s2="1.35441" id="14586" color_r="1" color_g="1" color_b="1" overbright="0" type_file="Data/Objects/therium/Gear/dog_armour_grey/dog_armor_lower_arm.xml">
                <parameters />
            </EnvObject>
            <EnvObject s0="1.09475" s1="1.09475" s2="1.09475" id="14591" color_r="1" color_g="1" color_b="1" overbright="0" type_file="Data/Objects/therium/Gear/dog_armour_grey/dog_armor_helmet.xml">
                <parameters />
            </EnvObject>
            <EnvObject s0="1" s1="1" s2="1" id="14593" color_r="1" color_g="1" color_b="1" overbright="0" type_file="Data/Objects/therium/Gear/dog_armour_grey/dog_armor_head_straps.xml">
                <parameters />
            </EnvObject>
            <EnvObject s0="1.41525" s1="1.41525" s2="1.41525" id="14594" color_r="1" color_g="1" color_b="1" overbright="0" type_file="Data/Objects/therium/Gear/dog_armour_grey/dog_armor_shoulder_b.xml">
                <parameters />
            </EnvObject>
            <EnvObject s0="1.41525" s1="1.41525" s2="1.41525" id="14596" color_r="1" color_g="1" color_b="1" overbright="0" type_file="Data/Objects/therium/Gear/dog_armour_grey/dog_armor_shoulder_b.xml">
                <parameters />
            </EnvObject>
            <EnvObject s0="0.377928" s1="0.40764" s2="0.387258" id="14597" color_r="1" color_g="1" color_b="1" overbright="0" type_file="Data/Objects/standard-buckler.xml">
                <parameters />
            </EnvObject>
            <EnvObject s0="1.06226" s1="0.655558" s2="0.655556" id="14603" color_r="1" color_g="1" color_b="1" overbright="0" type_file="Data/Objects/therium/Gear/dog_armour_grey/dog_armor_shoulder_a.xml">
                <parameters />
            </EnvObject>
            <EnvObject s0="1.26528" s1="0.780845" s2="0.780842" id="14604" color_r="1" color_g="1" color_b="1" overbright="0" type_file="Data/Objects/therium/Gear/dog_armour_grey/dog_armor_shoulder_a.xml">
                <parameters />
            </EnvObject>
            <EnvObject s0="1.26528" s1="0.780845" s2="0.780842" id="14605" color_r="1" color_g="1" color_b="1" overbright="0" type_file="Data/Objects/therium/Gear/dog_armour_grey/dog_armor_shoulder_a.xml">
                <parameters />
            </EnvObject>
            <EnvObject s0="1.67193" s1="1.67193" s2="1.67193" id="14606" color_r="1" color_g="1" color_b="1" overbright="0" type_file="Data/Objects/therium/Gear/dog_armour_grey/dog_armor_lower_arm.xml">
                <parameters />
            </EnvObject>
            <EnvObject s0="1.67193" s1="1.67193" s2="1.67193" id="14607" color_r="1" color_g="1" color_b="1" overbright="0" type_file="Data/Objects/therium/Gear/dog_armour_grey/dog_armor_lower_arm.xml">
                <parameters />
            </EnvObject>
        </ActorObject>
        <ActorObject name="Block Spearsman" t0="95.5242" t1="59.7435" t2="109.665" s0="0.666667" s1="0.666667" s2="0.666667" q0="0" q1="1" q2="0" q3="0" euler_x="3.14159" euler_y="0" euler_z="3.14159" id="14694" type_file="Data/Objects/therium/IGF_Characters/mook1winterspawn.xml" is_player="0">
            <parameters>
                <parameter name="Aggression" type="float" val="0.5" />
                <parameter name="Attack Damage" type="float" val="1" />
                <parameter name="Attack Knockback" type="float" val="1" />
                <parameter name="Attack Speed" type="float" val="0.96" />
                <parameter name="Block Follow-up" type="float" val="0.5" />
                <parameter name="Block Skill" type="float" val="0.5" />
                <parameter name="Cannot Be Disarmed" type="int" val="0" />
                <parameter name="Cannot Throw Weapons" type="int" val="0" />
                <parameter name="Character Scale" type="float" val="1" />
                <parameter name="Damage Resistance" type="float" val="1.05" />
                <parameter name="Ear Size" type="float" val="1" />
                <parameter name="Fall Damage Multiplier" type="float" val="1" />
                <parameter name="Fat" type="float" val="0.5" />
                <parameter name="Fear - Afraid At Health Level" type="float" val="0" />
                <parameter name="Fear - Always Afraid On Sight" type="int" val="0" />
                <parameter name="Fear - Causes Fear On Sight" type="int" val="0" />
                <parameter name="Fear - Never Afraid On Sight" type="int" val="0" />
                <parameter name="Focus FOV distance" type="float" val="33.03" />
                <parameter name="Focus FOV horizontal" type="float" val="0.62834" />
                <parameter name="Focus FOV vertical" type="float" val="0.593413" />
                <parameter name="Ground Aggression" type="float" val="0.5" />
                <parameter name="Idle Sway" type="float" val="1" />
                <parameter name="Jump - Air Control" type="float" val="3" />
                <parameter name="Jump - Initial Velocity" type="float" val="5" />
                <parameter name="Jump - Jump Sustain" type="float" val="5" />
                <parameter name="Jump - Jump Sustain Boost" type="float" val="10" />
                <parameter name="Knockout Shield" type="int" val="2" />
                <parameter name="Left handed" type="int" val="0" />
                <parameter name="Lore" type="string" val="Zorrit" />
                <parameter name="Movement Speed" type="float" val="1.1" />
                <parameter name="Muscle" type="float" val="0.5" />
                <parameter name="No Look Around" type="int" val="0" />
                <parameter name="Peripheral FOV distance" type="float" val="4" />
                <parameter name="Peripheral FOV horizontal" type="float" val="1.41376" />
                <parameter name="Peripheral FOV vertical" type="float" val="1.41376" />
                <parameter name="Species" type="string" val="rabbit" />
                <parameter name="Static" type="int" val="0" />
                <parameter name="Stick To Nav Mesh" type="int" val="0" />
                <parameter name="Teams" type="string" val="guard, block" />
                <parameter name="Throw Counter Probability" type="float" val="0.4" />
                <parameter name="Throw Trainer" type="int" val="0" />
                <parameter name="Weapon Catch Skill" type="float" val="1" />
                <parameter name="Wearing Metal Armor" type="int" val="1" />
            </parameters>
            <Connections>
                <Connection id="10696" />
            </Connections>
            <ItemConnections>
                <ItemConnection id="3119" type="0" mirrored="0" attachment="" />
            </ItemConnections>
            <Palette />
            <EnvObjectAttachments>
                <EnvObjectAttachment>
                    <BoneConnect bone_id="31" num_connections="1" m0="0.999786" m1="0.0163874" m2="-0.0126161" m3="0" m4="-0.0163568" m5="0.999863" m6="0.00252287" m7="0" m8="0.0126557" m9="-0.00231597" m10="0.999917" m11="0" m12="-0.00133705" m13="0.518549" m14="0.0297012" m15="1" />
                    <BoneConnect bone_id="-1" num_connections="0" m0="1" m1="0" m2="0" m3="0" m4="0" m5="1" m6="0" m7="0" m8="0" m9="0" m10="1" m11="0" m12="0" m13="0" m14="0" m15="1" />
